01 01 01 01 01
01 01 01 01 01
01 01 01 01 01
01 01 01 01 01
01 01 01 01 01
02 02 02 02 02
02 02 02 02 02
02 02 02 02 02
02 02 02 02 02
02 02 02 02 02
03 03 03 03 03
03 03 03 03 03
03 03 03 03 03
03 03 03 03 03
03 03 03 03 03
01
01 01 01 01 01
01 01 01 01 01
01 01 01 01 01
01 01 01 01 01
01 01 01 01 01
02 02 02 02 02
02 02 02 02 02
02 02 02 02 02
02 02 02 02 02
02 02 02 02 02
03 03 03 03 03
03 03 03 03 03
03 03 03 03 03
03 03 03 03 03
03 03 03 03 03
02
01 01 01 01 01
01 01 01 01 01
01 01 01 01 01
01 01 01 01 01
01 01 01 01 01
02 02 02 02 02
02 02 02 02 02
02 02 02 02 02
02 02 02 02 02
02 02 02 02 02
03 03 03 03 03
03 03 03 03 03
03 03 03 03 03
03 03 03 03 03
03 03 03 03 03
03
01 01 01 01 01
01 01 01 01 01
01 01 01 01 01
01 01 01 01 01
01 01 01 01 01
02 02 02 02 02
02 02 02 02 02
02 02 02 02 02
02 02 02 02 02
02 02 02 02 02
03 03 03 03 03
03 03 03 03 03
03 03 03 03 03
03 03 03 03 03
03 03 03 03 03
04
01 01 01 01 01
01 01 01 01 01
01 01 01 01 01
01 01 01 01 01
01 01 01 01 01
02 02 02 02 02
02 02 02 02 02
02 02 02 02 02
02 02 02 02 02
02 02 02 02 02
03 03 03 03 03
03 03 03 03 03
03 03 03 03 03
03 03 03 03 03
03 03 03 03 03
05
01 01 01 01 01
01 01 01 01 01
01 01 01 01 01
01 01 01 01 01
01 01 01 01 01
02 02 02 02 02
02 02 02 02 02
02 02 02 02 02
02 02 02 02 02
02 02 02 02 02
03 03 03 03 03
03 03 03 03 03
03 03 03 03 03
03 03 03 03 03
03 03 03 03 03
06