01 01 01 01 01
01 01 01 01 01
01 01 01 01 01
01 01 01 01 01
01 01 01 01 01
02 02 02 02 02
02 02 02 02 02
02 02 02 02 02
02 02 02 02 02
02 02 02 02 02
03 03 03 03 03
03 03 03 03 03
03 03 03 03 03
03 03 03 03 03
03 03 03 03 03
04 04 04 04 04
04 04 04 04 04
04 04 04 04 04
04 04 04 04 04
04 04 04 04 04
01
01 01 01 01 01
01 01 01 01 01
01 01 01 01 01
01 01 01 01 01
01 01 01 01 01
02 02 02 02 02
02 02 02 02 02
02 02 02 02 02
02 02 02 02 02
02 02 02 02 02
03 03 03 03 03
03 03 03 03 03
03 03 03 03 03
03 03 03 03 03
03 03 03 03 03
04 04 04 04 04
04 04 04 04 04
04 04 04 04 04
04 04 04 04 04
04 04 04 04 04
02
01 01 01 01 01
01 01 01 01 01
01 01 01 01 01
01 01 01 01 01
01 01 01 01 01
02 02 02 02 02
02 02 02 02 02
02 02 02 02 02
02 02 02 02 02
02 02 02 02 02
03 03 03 03 03
03 03 03 03 03
03 03 03 03 03
03 03 03 03 03
03 03 03 03 03
04 04 04 04 04
04 04 04 04 04
04 04 04 04 04
04 04 04 04 04
04 04 04 04 04
03
01 01 01 01 01
01 01 01 01 01
01 01 01 01 01
01 01 01 01 01
01 01 01 01 01
02 02 02 02 02
02 02 02 02 02
02 02 02 02 02
02 02 02 02 02
02 02 02 02 02
03 03 03 03 03
03 03 03 03 03
03 03 03 03 03
03 03 03 03 03
03 03 03 03 03
04 04 04 04 04
04 04 04 04 04
04 04 04 04 04
04 04 04 04 04
04 04 04 04 04
04
01 01 01 01 01
01 01 01 01 01
01 01 01 01 01
01 01 01 01 01
01 01 01 01 01
02 02 02 02 02
02 02 02 02 02
02 02 02 02 02
02 02 02 02 02
02 02 02 02 02
03 03 03 03 03
03 03 03 03 03
03 03 03 03 03
03 03 03 03 03
03 03 03 03 03
04 04 04 04 04
04 04 04 04 04
04 04 04 04 04
04 04 04 04 04
04 04 04 04 04
05
01 01 01 01 01
01 01 01 01 01
01 01 01 01 01
01 01 01 01 01
01 01 01 01 01
02 02 02 02 02
02 02 02 02 02
02 02 02 02 02
02 02 02 02 02
02 02 02 02 02
03 03 03 03 03
03 03 03 03 03
03 03 03 03 03
03 03 03 03 03
03 03 03 03 03
04 04 04 04 04
04 04 04 04 04
04 04 04 04 04
04 04 04 04 04
04 04 04 04 04
06
01 01 01 01 01
01 01 01 01 01
01 01 01 01 01
01 01 01 01 01
01 01 01 01 01
02 02 02 02 02
02 02 02 02 02
02 02 02 02 02
02 02 02 02 02
02 02 02 02 02
03 03 03 03 03
03 03 03 03 03
03 03 03 03 03
03 03 03 03 03
03 03 03 03 03
04 04 04 04 04
04 04 04 04 04
04 04 04 04 04
04 04 04 04 04
04 04 04 04 04
07
01 01 01 01 01
01 01 01 01 01
01 01 01 01 01
01 01 01 01 01
01 01 01 01 01
02 02 02 02 02
02 02 02 02 02
02 02 02 02 02
02 02 02 02 02
02 02 02 02 02
03 03 03 03 03
03 03 03 03 03
03 03 03 03 03
03 03 03 03 03
03 03 03 03 03
04 04 04 04 04
04 04 04 04 04
04 04 04 04 04
04 04 04 04 04
04 04 04 04 04
08
01 01 01 01 01
01 01 01 01 01
01 01 01 01 01
01 01 01 01 01
01 01 01 01 01
02 02 02 02 02
02 02 02 02 02
02 02 02 02 02
02 02 02 02 02
02 02 02 02 02
03 03 03 03 03
03 03 03 03 03
03 03 03 03 03
03 03 03 03 03
03 03 03 03 03
04 04 04 04 04
04 04 04 04 04
04 04 04 04 04
04 04 04 04 04
04 04 04 04 04
09